7389	0.34689 0.58264 0.07047
13969	0.70881 0.25040 0.04080
9770	0.06599 0.91116 0.02285
3044	0.87082 0.10754 0.02164
4053	0.79255 0.17901 0.02843
10121	0.26333 0.70162 0.03505
1350	0.06212 0.91004 0.02784
2534	0.36012 0.60014 0.03974
44769	0.99504 0.00444 0.00052
3385	0.85312 0.12159 0.02529
10806	0.04809 0.93561 0.01630
1645	0.55607 0.39201 0.05192
1474	0.38529 0.54281 0.07190
7339	0.11257 0.87514 0.01229
34350	0.35683 0.61655 0.02662
7966	0.07203 0.90490 0.02307
21446	0.47284 0.46550 0.06166
986	0.84231 0.13262 0.02507
3716	0.86577 0.11671 0.01752
9727	0.05892 0.93090 0.01018
48965	0.87236 0.09622 0.03142
12250	0.08452 0.89025 0.02523
9583	0.70246 0.25170 0.04584
3050	0.96185 0.03359 0.00456
15953	0.57321 0.37445 0.05234
5658	0.38132 0.55563 0.06304
12890	0.70192 0.24676 0.05132
3663	0.21762 0.72621 0.05616
9865	0.55869 0.38248 0.05883
32009	0.40539 0.53183 0.06278
11314	0.64302 0.30883 0.04815
7265	0.03406 0.95675 0.00919
25378	0.73308 0.23385 0.03307
268	0.98302 0.01375 0.00323
11720	0.71747 0.24929 0.03325
17798	0.33474 0.61929 0.04597
1183	0.78574 0.17791 0.03636
40535	0.88292 0.08852 0.02857
21641	0.04983 0.92939 0.02077
6293	0.19541 0.75127 0.05332
9220	0.97347 0.02279 0.00374
2021	0.80792 0.16069 0.03140
2117	0.93760 0.05284 0.00957
1036	0.47494 0.46258 0.06248
7831	0.73518 0.22280 0.04203
21827	0.35093 0.58885 0.06021
3675	0.14353 0.81591 0.04056
33404	0.89744 0.08778 0.01478
10216	0.16492 0.80311 0.03197
19966	0.02001 0.97091 0.00907
43418	0.01324 0.98162 0.00514
5710	0.29709 0.66558 0.03733
10588	0.09456 0.88754 0.01791
493	0.83293 0.14043 0.02664
2054	0.06317 0.92577 0.01106
45786	0.82811 0.14043 0.03146
36334	0.94956 0.04182 0.00861
29432	0.34322 0.59536 0.06142
4329	0.14012 0.81304 0.04684
17044	0.77741 0.18866 0.03392
12792	0.92306 0.05498 0.02196
10004	0.10354 0.87205 0.02440
6272	0.53029 0.40778 0.06193
15834	0.13863 0.84258 0.01880
24089	0.52558 0.42314 0.05128
4547	0.47406 0.47685 0.04909
14667	0.03956 0.94958 0.01086
21871	0.22461 0.74006 0.03533
10791	0.46724 0.48775 0.04501
7181	0.79492 0.17582 0.02927
3828	0.76487 0.19885 0.03628
8805	0.66568 0.29138 0.04293
1897	0.41465 0.50705 0.07829
3006	0.94577 0.03592 0.01831
2249	0.28194 0.66585 0.05220
9791	0.03213 0.95503 0.01283
30194	0.77634 0.19174 0.03192
4844	0.92205 0.06862 0.00932
42748	0.65522 0.29318 0.05160
22196	0.67506 0.29006 0.03488
12327	0.50294 0.43441 0.06264
15109	0.70463 0.24892 0.04645
14106	0.48616 0.46209 0.05174
19479	0.83756 0.13155 0.03088
10826	0.69314 0.27131 0.03555
5900	0.01195 0.98310 0.00494
12543	0.45308 0.48042 0.06650
45803	0.96864 0.02269 0.00866
1150	0.92564 0.06449 0.00987
5338	0.82883 0.14849 0.02268
2425	0.14487 0.82152 0.03361
3120	0.71008 0.24975 0.04018
7008	0.54769 0.38535 0.06696
4280	0.51055 0.43245 0.05700
6355	0.55699 0.38770 0.05531
2116	0.99164 0.00593 0.00243
4136	0.94440 0.04760 0.00800
24516	0.70278 0.26261 0.03462
8724	0.03708 0.95808 0.00484
37050	0.03198 0.95903 0.00899
8943	0.85332 0.12203 0.02465
20769	0.22202 0.74124 0.03674
13842	0.14422 0.83278 0.02300
1490	0.06544 0.92679 0.00777
5685	0.75987 0.18952 0.05061
3139	0.17124 0.79800 0.03076
10455	0.39056 0.54171 0.06774
3430	0.71330 0.24257 0.04413
10244	0.12503 0.86918 0.00579
30084	0.82574 0.14227 0.03199
14572	0.97696 0.02001 0.00303
20708	0.80437 0.16302 0.03261
34916	0.92312 0.05965 0.01722
15391	0.57876 0.38366 0.03758
41617	0.87180 0.11006 0.01814
29233	0.03142 0.95896 0.00962
8211	0.82676 0.14647 0.02678
33124	0.88170 0.09931 0.01899
42258	0.96761 0.02875 0.00365
35552	0.62165 0.33356 0.04479
14562	0.70771 0.23798 0.05431
1900	0.36107 0.57924 0.05970
10472	0.85753 0.12056 0.02191
9533	0.97930 0.01778 0.00293
3048	0.53488 0.41575 0.04936
37523	0.09212 0.86620 0.04168
24767	0.26211 0.71599 0.02190
27681	0.85342 0.11911 0.02747
5217	0.84023 0.13327 0.02650
947	0.83869 0.12906 0.03225
19580	0.79955 0.17393 0.02652
2944	0.68083 0.25791 0.06126
7257	0.16935 0.77621 0.05445
14586	0.72814 0.23444 0.03742
3106	0.55285 0.41125 0.03590
12093	0.03721 0.95575 0.00703
3829	0.91392 0.07377 0.01230
9909	0.82619 0.14995 0.02386
24760	0.03854 0.95538 0.00609
4673	0.64856 0.29419 0.05725
20147	0.33264 0.64305 0.02431
28654	0.05938 0.92299 0.01762
29027	0.08568 0.89847 0.01585
30594	0.91897 0.05652 0.02450
13047	0.64964 0.29540 0.05496
16867	0.13155 0.83633 0.03211
6957	0.09937 0.86856 0.03207
16576	0.10332 0.88321 0.01347
2539	0.87172 0.10235 0.02593
1707	0.26609 0.68918 0.04473
38141	0.10005 0.88700 0.01295
3113	0.85152 0.11838 0.03011
355	0.04410 0.94600 0.00990
4411	0.51822 0.40676 0.07502
23392	0.81335 0.15523 0.03141
4735	0.99613 0.00342 0.00044
14835	0.54975 0.41214 0.03811
7402	0.68105 0.27923 0.03972
4818	0.99200 0.00690 0.00110
10066	0.48646 0.44815 0.06539
7222	0.95894 0.03539 0.00567
822	0.81173 0.16180 0.02647
35251	0.99242 0.00688 0.00070
11311	0.02317 0.97299 0.00384
6232	0.84574 0.11826 0.03600
12916	0.89371 0.08997 0.01632
16031	0.41018 0.54234 0.04748
3753	0.07288 0.90494 0.02218
14580	0.12410 0.82805 0.04785
4846	0.81181 0.15478 0.03341
31584	0.96175 0.03265 0.00560
5087	0.94223 0.04369 0.01407
33638	0.65314 0.30837 0.03848
27035	0.14244 0.82935 0.02821
6387	0.62967 0.33819 0.03214
37677	0.88579 0.09606 0.01815
2392	0.12219 0.84113 0.03669
34901	0.11188 0.87143 0.01669
23439	0.75010 0.20547 0.04444
36620	0.73990 0.22172 0.03838
24305	0.62859 0.32579 0.04562
39848	0.01424 0.98054 0.00522
33253	0.53004 0.43050 0.03946
1390	0.80873 0.14617 0.04510
22372	0.01701 0.97180 0.01120
1803	0.85176 0.12464 0.02360
30980	0.46234 0.49120 0.04645
4125	0.64790 0.30130 0.05080
23157	0.13778 0.84646 0.01576
3226	0.91308 0.07290 0.01402
22773	0.44267 0.51854 0.03879
7731	0.29842 0.65595 0.04563
2255	0.24324 0.72193 0.03484
1069	0.89477 0.07917 0.02606
27443	0.93620 0.05451 0.00929
991	0.86849 0.11268 0.01883
1092	0.34742 0.59156 0.06102
32750	0.89374 0.08220 0.02406
29379	0.01019 0.98829 0.00152
2607	0.01951 0.97320 0.00729
1535	0.37844 0.57089 0.05067
20660	0.44689 0.49466 0.05845
5656	0.81664 0.15831 0.02505
41562	0.84601 0.13386 0.02013
27474	0.83155 0.14493 0.02352
1286	0.96723 0.02578 0.00699
6758	0.98980 0.00856 0.00164
3747	0.59611 0.35198 0.05191
34813	0.46348 0.49433 0.04219
3436	0.39221 0.56072 0.04707
5323	0.89248 0.08740 0.02012
7887	0.58792 0.36683 0.04525
33031	0.28339 0.66408 0.05253
14948	0.83781 0.13321 0.02898
3133	0.04197 0.94572 0.01231
33451	0.79167 0.16688 0.04146
6787	0.02457 0.96607 0.00936
45018	0.23363 0.73634 0.03002
11175	0.63653 0.32638 0.03709
4150	0.93673 0.04594 0.01733
4560	0.46776 0.46412 0.06812
3313	0.42784 0.50610 0.06606
16785	0.41669 0.52316 0.06015
16180	0.97981 0.01756 0.00264
4744	0.56033 0.37766 0.06201
17240	0.63659 0.31406 0.04935
2983	0.82351 0.15534 0.02115
15722	0.98502 0.01023 0.00474
35906	0.10602 0.87433 0.01965
4689	0.09991 0.89271 0.00738
1216	0.74625 0.21401 0.03974
24768	0.97288 0.01800 0.00912
10159	0.92763 0.05855 0.01382
8052	0.56224 0.39520 0.04256
6755	0.87520 0.10519 0.01961
8307	0.74569 0.21892 0.03539
7064	0.13673 0.82983 0.03344
4955	0.81533 0.15706 0.02761
5570	0.95294 0.04229 0.00477
33256	0.93197 0.05501 0.01302
9431	0.76338 0.19653 0.04008
20323	0.00863 0.98917 0.00220
8181	0.08485 0.90382 0.01133
30262	0.09257 0.89433 0.01310
2219	0.86390 0.10956 0.02654
5483	0.94269 0.03826 0.01905
538	0.75990 0.21371 0.02639
36750	0.76281 0.20936 0.02784
15318	0.36264 0.58346 0.05390
6830	0.96167 0.03180 0.00654
9801	0.75737 0.20049 0.04215
38403	0.82287 0.14624 0.03089
4421	0.75672 0.20537 0.03791
13864	0.42354 0.52198 0.05448
1005	0.96195 0.02571 0.01234
20806	0.78063 0.18299 0.03639
3387	0.11877 0.86608 0.01516
1451	0.02611 0.96602 0.00787
1916	0.55946 0.38339 0.05715
2662	0.77896 0.19248 0.02855
18145	0.61965 0.32478 0.05556
6346	0.18772 0.78803 0.02424
14702	0.87033 0.09863 0.03104
15866	0.34916 0.59423 0.05661
6175	0.88573 0.08424 0.03004
6512	0.07236 0.90258 0.02506
37382	0.92472 0.06117 0.01411
32072	0.48787 0.47797 0.03415
3274	0.31186 0.61238 0.07576
2007	0.94822 0.04232 0.00946
20794	0.43409 0.49915 0.06677
26135	0.84528 0.13348 0.02124
41981	0.21470 0.74065 0.04465
9530	0.59382 0.34807 0.05811
30217	0.03385 0.95372 0.01243
19180	0.04547 0.94941 0.00512
5056	0.21467 0.77078 0.01455
8116	0.02573 0.96465 0.00962
28542	0.96572 0.02797 0.00631
13496	0.08087 0.90494 0.01419
2521	0.13885 0.83903 0.02212
3460	0.14148 0.83265 0.02587
9008	0.12955 0.84068 0.02977
29108	0.73377 0.23248 0.03375
21530	0.91952 0.05774 0.02274
13802	0.26300 0.67786 0.05914
1188	0.02769 0.96910 0.00322
27809	0.39102 0.57171 0.03727
9581	0.06094 0.92026 0.01880
1278	0.51063 0.42915 0.06022
467	0.94154 0.05017 0.00829
37277	0.87783 0.10317 0.01901
2180	0.98088 0.01550 0.00362
3291	0.42284 0.50954 0.06762
42551	0.08889 0.88384 0.02727
20260	0.90868 0.06917 0.02215
4728	0.91908 0.06392 0.01700
20262	0.79578 0.17218 0.03204
2848	0.11181 0.86289 0.02529
47911	0.65534 0.29252 0.05214
8859	0.87847 0.09799 0.02355
10857	0.10502 0.86868 0.02630
4039	0.78355 0.16456 0.05188
8015	0.30200 0.65641 0.04160
5075	0.67172 0.28290 0.04538
5806	0.53147 0.41210 0.05643
1266	0.86215 0.11498 0.02286
15468	0.10603 0.87911 0.01486
9648	0.39742 0.54321 0.05936
14212	0.94964 0.03902 0.01133
4911	0.69332 0.26717 0.03952
6863	0.81035 0.15256 0.03709
20673	0.33978 0.60928 0.05095
5734	0.17923 0.77778 0.04299
2791	0.97553 0.02053 0.00394
1842	0.68346 0.27967 0.03686
1028	0.54004 0.39781 0.06215
21701	0.68812 0.25713 0.05475
6456	0.76477 0.19065 0.04458
28561	0.87466 0.09134 0.03400
33074	0.26258 0.67480 0.06261
2367	0.09852 0.87776 0.02372
14162	0.17600 0.79263 0.03137
48010	0.13118 0.84625 0.02257
36211	0.13442 0.85536 0.01022
10966	0.50528 0.43135 0.06337
26304	0.44353 0.50950 0.04698
16942	0.41053 0.53884 0.05064
3857	0.34480 0.58481 0.07039
32744	0.51794 0.43107 0.05098
19494	0.73757 0.22429 0.03815
36036	0.95985 0.02914 0.01102
17214	0.99956 0.00038 0.00006
1426	0.94450 0.04068 0.01482
20863	0.89567 0.08883 0.01550
12126	0.21860 0.74312 0.03828
18837	0.07059 0.91581 0.01360
7789	0.88969 0.08887 0.02144
2950	0.78233 0.18330 0.03437
791	0.84531 0.13316 0.02153
18935	0.09044 0.90020 0.00937
29088	0.39070 0.54990 0.05939
23408	0.15348 0.81846 0.02806
10835	0.20712 0.74478 0.04810
8847	0.93833 0.05314 0.00852
4934	0.83401 0.14444 0.02155
26836	0.13855 0.83719 0.02426
15463	0.81755 0.15756 0.02488
26492	0.51600 0.42279 0.06121
11380	0.44173 0.51997 0.03830
5565	0.54397 0.40742 0.04861
5167	0.97742 0.01939 0.00319
1057	0.72906 0.22651 0.04443
21563	0.65440 0.29858 0.04701
4730	0.76911 0.19437 0.03652
6348	0.11915 0.86419 0.01667
2280	0.92880 0.05156 0.01964
2641	0.62080 0.34050 0.03869
16080	0.74868 0.21190 0.03943
6107	0.47451 0.47543 0.05006
4226	0.89424 0.08449 0.02128
20601	0.31554 0.64808 0.03638
7403	0.76919 0.20115 0.02966
11959	0.14002 0.84319 0.01679
34263	0.14925 0.80487 0.04588
42384	0.93563 0.04440 0.01997
24957	0.65948 0.29623 0.04429
15642	0.45703 0.48272 0.06024
17280	0.34470 0.58808 0.06722
34607	0.86466 0.10961 0.02573
2277	0.83317 0.13532 0.03152
36864	0.99742 0.00238 0.00021
4114	0.92959 0.05090 0.01951
26268	0.66691 0.27091 0.06218
3850	0.41790 0.52776 0.05434
40604	0.10812 0.86491 0.02697
11840	0.38975 0.55232 0.05793
6354	0.43878 0.50061 0.06061
18317	0.84384 0.13414 0.02203
13737	0.29117 0.64821 0.06062
5343	0.85368 0.11911 0.02721
14529	0.48893 0.46336 0.04771
3945	0.82117 0.15279 0.02604
49675	0.62875 0.34184 0.02941
1840	0.55950 0.40934 0.03117
27340	0.73638 0.22857 0.03505
30944	0.90755 0.06654 0.02591
1813	0.96291 0.03021 0.00687
35851	0.66406 0.27926 0.05668
711	0.91212 0.07663 0.01126
3008	0.13944 0.83517 0.02539
8221	0.99115 0.00744 0.00141
10483	0.87860 0.09550 0.02590
12775	0.98864 0.01006 0.00130
3434	0.34717 0.61709 0.03574
2075	0.12868 0.84382 0.02750
13914	0.12205 0.85759 0.02036
15477	0.53338 0.42318 0.04344
12868	0.90893 0.06672 0.02435
246	0.95971 0.02700 0.01329
13729	0.96796 0.02710 0.00494
8274	0.64838 0.30374 0.04787
49440	0.97215 0.02449 0.00336
6039	0.45799 0.48468 0.05732
8904	0.41236 0.51320 0.07444
10235	0.82588 0.14261 0.03151
40939	0.18302 0.77016 0.04682
1546	0.69302 0.26368 0.04330
14082	0.84220 0.11838 0.03942
11684	0.64341 0.33088 0.02571
18010	0.93785 0.05133 0.01082
114	0.11307 0.86539 0.02154
108	0.49528 0.44548 0.05924
140	0.59750 0.36489 0.03760
11024	0.70408 0.26028 0.03564
15889	0.87801 0.09604 0.02595
10736	0.76246 0.20753 0.03001
45523	0.86269 0.11990 0.01741
35749	0.89880 0.08579 0.01541
37919	0.22897 0.74022 0.03081
10766	0.03201 0.96464 0.00335
258	0.97933 0.01786 0.00281
46082	0.96653 0.02358 0.00989
19904	0.70665 0.25844 0.03491
5901	0.68986 0.26949 0.04065
20237	0.45468 0.49645 0.04887
41	0.80471 0.17514 0.02016
14474	0.27386 0.70429 0.02185
39151	0.61282 0.35991 0.02727
48977	0.84137 0.12399 0.03463
5039	0.22468 0.73311 0.04222
4229	0.97257 0.02261 0.00482
6033	0.07817 0.91002 0.01180
18611	0.27371 0.69046 0.03583
30107	0.74294 0.20986 0.04719
28292	0.03103 0.96141 0.00756
12144	0.93526 0.04797 0.01677
43634	0.72238 0.24879 0.02883
37876	0.90132 0.07889 0.01979
12014	0.70172 0.25353 0.04475
27011	0.83436 0.13380 0.03184
3407	0.81636 0.14911 0.03453
7997	0.26775 0.68909 0.04316
3764	0.17788 0.76593 0.05619
8341	0.23153 0.72547 0.04300
5200	0.63208 0.32284 0.04508
22308	0.13654 0.83679 0.02668
2886	0.91551 0.06968 0.01481
9681	0.61549 0.34291 0.04160
1084	0.84619 0.14017 0.01364
26621	0.96386 0.03073 0.00541
44574	0.38446 0.57490 0.04064
3541	0.81301 0.14573 0.04127
15383	0.36840 0.57450 0.05711
27968	0.14213 0.81191 0.04596
2794	0.99404 0.00537 0.00060
1677	0.43002 0.52635 0.04363
24980	0.91802 0.06308 0.01890
16688	0.65814 0.29048 0.05137
5627	0.76244 0.19467 0.04289
26318	0.77776 0.19598 0.02626
28161	0.06792 0.92421 0.00786
4171	0.05263 0.93320 0.01417
8238	0.48571 0.45942 0.05487
25198	0.29296 0.65697 0.05007
50832	0.41834 0.52319 0.05847
4780	0.80953 0.16255 0.02792
2649	0.78365 0.18778 0.02857
3267	0.97676 0.01882 0.00442
24215	0.71647 0.24460 0.03893
18380	0.94220 0.05013 0.00767
20440	0.79790 0.17340 0.02870
43307	0.03286 0.96315 0.00399
2121	0.83522 0.13641 0.02837
49421	0.85071 0.12663 0.02266
22949	0.95317 0.03771 0.00912
1876	0.00381 0.99556 0.00062
2291	0.86063 0.12017 0.01920
4874	0.02682 0.96493 0.00824
3473	0.22864 0.71282 0.05855
22528	0.67759 0.27404 0.04837
2735	0.55397 0.39475 0.05128
19892	0.90075 0.07785 0.02141
6893	0.94278 0.04738 0.00984
1161	0.48888 0.45082 0.06030
12122	0.31868 0.64000 0.04132
1031	0.06507 0.91095 0.02398
20655	0.02478 0.97009 0.00513
19915	0.13255 0.85093 0.01653
9127	0.88710 0.09451 0.01839
4281	0.91818 0.06365 0.01817
23912	0.93339 0.05723 0.00938
8623	0.86295 0.11565 0.02139
23505	0.22005 0.74042 0.03953
4850	0.84204 0.13310 0.02486
764	0.83411 0.12895 0.03694
2000	0.87577 0.10506 0.01917
7519	0.42824 0.49483 0.07693
8191	0.05237 0.94204 0.00559
1292	0.01232 0.98175 0.00593
18213	0.01553 0.97520 0.00927
2566	0.99647 0.00292 0.00061
44093	0.99229 0.00601 0.00170
9568	0.92590 0.05345 0.02065
12633	0.40212 0.52677 0.07112
2409	0.94400 0.04590 0.01010
16507	0.73177 0.22231 0.04592
51676	0.90132 0.08307 0.01561
4984	0.07481 0.91586 0.00933
4453	0.89793 0.08522 0.01685
2168	0.42349 0.51232 0.06419
26989	0.87741 0.09259 0.03000
34399	0.37734 0.58558 0.03707
10714	0.65998 0.30647 0.03356
2136	0.17647 0.80039 0.02315
10560	0.86326 0.11123 0.02551
5354	0.92693 0.05699 0.01608
14507	0.86840 0.11160 0.02001
2481	0.75639 0.21097 0.03264
3395	0.69881 0.25821 0.04298
47510	0.06251 0.92169 0.01580
8734	0.81734 0.15637 0.02629
2756	0.63771 0.31569 0.04660
8439	0.56134 0.39226 0.04639
9160	0.80798 0.16184 0.03017
1141	0.17318 0.80000 0.02682
20796	0.95502 0.03599 0.00899
13982	0.96666 0.02517 0.00817
8468	0.80403 0.16633 0.02965
28136	0.09163 0.89940 0.00897
3504	0.93823 0.05267 0.00910
1476	0.30569 0.65445 0.03986
21038	0.31582 0.65727 0.02690
4631	0.48402 0.47559 0.04040
802	0.87751 0.09480 0.02770
15486	0.02742 0.96472 0.00786
8354	0.05977 0.91816 0.02207
16831	0.48798 0.44605 0.06598
9965	0.56758 0.38105 0.05137
129	0.82852 0.14064 0.03083
1801	0.15991 0.78137 0.05871
3109	0.50609 0.42575 0.06816
5144	0.67978 0.27735 0.04287
28429	0.80933 0.15296 0.03771
9902	0.12107 0.84741 0.03152
52118	0.05743 0.93188 0.01069
424	0.70074 0.25817 0.04109
10568	0.75043 0.21219 0.03738
52002	0.68377 0.27132 0.04490
34566	0.76775 0.19148 0.04077
31795	0.90765 0.07061 0.02175
113	0.68879 0.27066 0.04055
39429	0.49827 0.45502 0.04671
6401	0.81644 0.15385 0.02971
1557	0.92948 0.05994 0.01058
2286	0.82133 0.14328 0.03539
8223	0.84865 0.12713 0.02422
82	0.97324 0.02020 0.00656
3782	0.40951 0.56578 0.02471
11435	0.44145 0.48911 0.06944
6805	0.35552 0.59946 0.04502
14033	0.69362 0.26585 0.04053
2577	0.67974 0.25990 0.06036
5790	0.73485 0.22434 0.04081
13900	0.31608 0.61734 0.06658
4978	0.54146 0.40435 0.05419
3102	0.56395 0.39990 0.03616
40363	0.93534 0.04919 0.01548
658	0.73423 0.22078 0.04499
2073	0.58745 0.36475 0.04780
20620	0.02661 0.96412 0.00927
2198	0.12548 0.83480 0.03972
2227	0.81754 0.14918 0.03329
2202	0.99707 0.00264 0.00028
12709	0.63862 0.30761 0.05377
8740	0.23165 0.73080 0.03756
38625	0.79778 0.17697 0.02525
9211	0.53194 0.41145 0.05662
4095	0.45764 0.48360 0.05875
38965	0.85855 0.11825 0.02319
4751	0.46407 0.50968 0.02626
4364	0.79529 0.16372 0.04099
2085	0.83457 0.13442 0.03101
26177	0.15410 0.82055 0.02535
8507	0.23017 0.72650 0.04333
12243	0.44258 0.50347 0.05395
23834	0.69559 0.26752 0.03688
12319	0.89329 0.08196 0.02475
9091	0.86205 0.10843 0.02953
26444	0.87251 0.10058 0.02691
5201	0.90086 0.08278 0.01636
9494	0.98584 0.01185 0.00231
18056	0.60680 0.34339 0.04981
4144	0.82456 0.13649 0.03895
42300	0.93826 0.04721 0.01454
5568	0.13334 0.84190 0.02476
38004	0.19727 0.73924 0.06348
4658	0.26844 0.66571 0.06585
4398	0.89118 0.08934 0.01947
12285	0.97948 0.01701 0.00352
5128	0.60662 0.34665 0.04673
3835	0.79036 0.17320 0.03645
814	0.42740 0.50262 0.06998
29345	0.86490 0.11251 0.02259
6222	0.23528 0.72720 0.03752
642	0.50033 0.44197 0.05769
7558	0.81808 0.14440 0.03752
30848	0.95502 0.03919 0.00579
26838	0.09950 0.86631 0.03419
47397	0.55340 0.40055 0.04605
30566	0.40512 0.55481 0.04007
9973	0.18438 0.79003 0.02559
10057	0.39112 0.57467 0.03421
1138	0.08520 0.88466 0.03014
23612	0.90075 0.08313 0.01612
17424	0.91197 0.07029 0.01774
47259	0.02173 0.97319 0.00508
692	0.81158 0.16424 0.02417
1893	0.69098 0.27405 0.03498
12958	0.19849 0.75978 0.04173
10122	0.28307 0.67939 0.03753
18098	0.84653 0.12709 0.02638
4109	0.47352 0.45806 0.06842
20903	0.45385 0.48171 0.06443
12070	0.47238 0.45829 0.06933
8857	0.11390 0.86623 0.01987
28264	0.60867 0.34060 0.05072
13534	0.80782 0.16340 0.02879
7825	0.58395 0.37227 0.04377
2149	0.11842 0.87115 0.01043
21371	0.89801 0.08622 0.01576
3330	0.89975 0.07922 0.02103
6790	0.72350 0.23397 0.04253
3792	0.98341 0.01372 0.00287
23794	0.63889 0.29208 0.06904
2608	0.75763 0.21380 0.02857
5215	0.89719 0.08744 0.01537
5481	0.95099 0.04191 0.00710
1335	0.60223 0.35059 0.04717
2327	0.78440 0.18093 0.03467
31018	0.05462 0.93523 0.01014
2701	0.65172 0.30013 0.04814
27031	0.75876 0.20342 0.03781
37564	0.73549 0.22322 0.04129
14638	0.11119 0.84694 0.04187
24977	0.43831 0.49473 0.06696
7151	0.83453 0.12129 0.04419
39753	0.37706 0.57579 0.04715
14290	0.28132 0.64457 0.07411
36225	0.88830 0.09299 0.01871
15471	0.06909 0.90321 0.02770
35205	0.67595 0.27351 0.05054
43261	0.28144 0.66760 0.05095
2622	0.96327 0.03085 0.00588
10701	0.89353 0.07668 0.02979
8273	0.25142 0.69182 0.05676
13787	0.61644 0.31392 0.06964
8899	0.05955 0.92772 0.01273
28329	0.61228 0.35006 0.03766
18392	0.92235 0.05650 0.02115
23284	0.12161 0.84990 0.02849
17032	0.16069 0.81166 0.02765
50538	0.99251 0.00592 0.00157
3338	0.45948 0.49199 0.04852
16598	0.05785 0.91954 0.02261
6661	0.96572 0.02932 0.00496
7960	0.07180 0.91137 0.01682
4371	0.11162 0.86561 0.02277
33735	0.38621 0.58318 0.03061
3644	0.77318 0.18901 0.03781
1222	0.82208 0.14946 0.02847
6825	0.49772 0.45540 0.04689
33924	0.49072 0.46461 0.04467
33734	0.75177 0.21081 0.03743
13743	0.56084 0.39268 0.04649
15275	0.31267 0.63347 0.05386
17122	0.93154 0.05513 0.01333
30830	0.62187 0.34343 0.03471
46625	0.14850 0.82886 0.02264
38806	0.79683 0.17207 0.03109
2461	0.89194 0.09219 0.01586
12625	0.11755 0.86269 0.01976
7321	0.84988 0.12919 0.02093
2616	0.02234 0.96493 0.01273
22592	0.74225 0.21962 0.03813
35211	0.90961 0.06840 0.02199
4829	0.19363 0.74644 0.05993
27059	0.81756 0.14417 0.03828
9506	0.61293 0.33651 0.05056
22923	0.78553 0.18005 0.03443
19809	0.75293 0.20685 0.04022
4710	0.30576 0.64413 0.05011
8143	0.46458 0.48050 0.05492
12656	0.29650 0.65111 0.05239
7341	0.06836 0.90235 0.02929
3736	0.90197 0.08827 0.00977
21681	0.03232 0.96369 0.00398
25656	0.85791 0.11650 0.02559
17404	0.95397 0.03641 0.00961
2216	0.78935 0.16700 0.04365
12820	0.18580 0.79807 0.01612
5399	0.06456 0.92172 0.01372
25380	0.85145 0.11383 0.03472
15385	0.00467 0.99465 0.00068
3190	0.89337 0.07666 0.02996
23035	0.02272 0.97425 0.00303
28172	0.60667 0.36510 0.02824
32781	0.91783 0.06882 0.01334
13092	0.84395 0.13544 0.02061
9222	0.96864 0.02567 0.00568
16893	0.99193 0.00620 0.00188
6340	0.80033 0.16735 0.03232
38007	0.37962 0.56876 0.05163
21600	0.73707 0.22800 0.03493
35733	0.80412 0.16297 0.03292
9283	0.90980 0.06236 0.02783
2318	0.62401 0.32389 0.05210
33235	0.88623 0.09288 0.02089
2584	0.77659 0.19435 0.02906
50010	0.50800 0.44136 0.05064
11439	0.10441 0.87060 0.02499
14576	0.73645 0.21131 0.05224
39718	0.62889 0.33172 0.03939
7770	0.01799 0.97741 0.00460
11962	0.47976 0.47278 0.04746
19377	0.89718 0.08047 0.02235
4191	0.66633 0.28771 0.04597
8672	0.89841 0.08565 0.01594
13112	0.95306 0.03834 0.00860
40633	0.38288 0.53941 0.07771
1702	0.90916 0.07173 0.01912
2358	0.05807 0.92286 0.01907
4957	0.87651 0.10539 0.01810
47288	0.48882 0.47101 0.04016
5179	0.38604 0.54414 0.06982
28048	0.85939 0.12305 0.01756
2660	0.98064 0.01683 0.00253
7927	0.48302 0.48067 0.03631
16033	0.79272 0.18223 0.02505
1375	0.61601 0.32700 0.05699
30002	0.95991 0.03331 0.00678
8481	0.68840 0.24678 0.06482
6844	0.21725 0.71146 0.07129
3755	0.48787 0.46508 0.04705
3255	0.64292 0.32202 0.03505
33236	0.69291 0.27792 0.02918
1080	0.09839 0.86209 0.03952
25768	0.41853 0.55285 0.02862
546	0.97127 0.02423 0.00451
6361	0.58404 0.35947 0.05649
2646	0.78380 0.17549 0.04072
5400	0.28922 0.66301 0.04777
1629	0.15456 0.81440 0.03104
8047	0.70424 0.25807 0.03769
2340	0.05424 0.93372 0.01203
10990	0.75398 0.19110 0.05491
1318	0.48282 0.49042 0.02676
22713	0.96083 0.03331 0.00587
11510	0.37932 0.55679 0.06389
5	0.87229 0.11185 0.01586
36196	0.34967 0.59308 0.05725
6725	0.17887 0.78114 0.03999
4709	0.79327 0.17131 0.03542
2044	0.07147 0.90586 0.02267
2544	0.56431 0.37628 0.05942
259	0.69265 0.26047 0.04688
6840	0.03502 0.95576 0.00922
1706	0.63694 0.31624 0.04682
4845	0.93487 0.05249 0.01264
17598	0.94753 0.04686 0.00561
6793	0.68222 0.27124 0.04654
7827	0.49225 0.46333 0.04442
18212	0.74590 0.21371 0.04039
13559	0.02991 0.96455 0.00554
11035	0.60591 0.33790 0.05619
48528	0.93834 0.04896 0.01270
5282	0.29624 0.64451 0.05925
13518	0.94163 0.04609 0.01228
35187	0.02001 0.97652 0.00347
8039	0.42339 0.51925 0.05736
3433	0.05242 0.93967 0.00791
3336	0.23372 0.74094 0.02534
1833	0.97156 0.02409 0.00435
13872	0.51533 0.43522 0.04945
235	0.95678 0.02859 0.01463
23343	0.26208 0.67450 0.06342
14881	0.31956 0.63119 0.04925
9483	0.04521 0.93297 0.02182
44762	0.81462 0.16835 0.01703
12570	0.72143 0.23501 0.04356
11041	0.27910 0.68977 0.03113
6657	0.66568 0.29713 0.03719
7248	0.48992 0.47764 0.03244
26167	0.20253 0.76659 0.03088
4803	0.86028 0.12626 0.01346
51616	0.33981 0.61592 0.04427
42747	0.89667 0.08534 0.01799
9423	0.78239 0.18403 0.03358
8664	0.69632 0.26020 0.04348
443	0.78748 0.18058 0.03194
28695	0.39984 0.54067 0.05949
43889	0.74541 0.21128 0.04330
1906	0.24252 0.71525 0.04223
6815	0.63899 0.31509 0.04593
21349	0.97449 0.02138 0.00413
5948	0.93942 0.04336 0.01721
34535	0.67146 0.28710 0.04144
2657	0.25999 0.72066 0.01936
27236	0.26299 0.67617 0.06084
10138	0.63063 0.31819 0.05119
6914	0.60110 0.34367 0.05523
22136	0.23325 0.74128 0.02546
4393	0.23711 0.71205 0.05083
11896	0.01427 0.98345 0.00228
486	0.94961 0.04234 0.00805
3299	0.91070 0.07590 0.01340
2945	0.95338 0.03378 0.01285
27672	0.88306 0.09966 0.01728
1405	0.98273 0.01464 0.00262
31705	0.17597 0.79173 0.03230
4639	0.84770 0.12720 0.02510
48725	0.75409 0.21022 0.03569
4139	0.99983 0.00016 0.00001
33069	0.83556 0.13501 0.02943
887	0.93558 0.05080 0.01362
16931	0.05469 0.93828 0.00702
47498	0.93393 0.05577 0.01030
10678	0.78321 0.18512 0.03167
3681	0.90138 0.08548 0.01314
10998	0.67932 0.29189 0.02879
16655	0.33670 0.59673 0.06656
8891	0.90859 0.07230 0.01912
2870	0.85681 0.11669 0.02650
5284	0.69768 0.25616 0.04615
2087	0.56347 0.39375 0.04278
7063	0.83477 0.13594 0.02928
21920	0.77072 0.18199 0.04729
27890	0.09307 0.87747 0.02946
33707	0.82388 0.15341 0.02271
554	0.96908 0.02628 0.00465
4147	0.72579 0.24347 0.03074
25836	0.22729 0.70766 0.06506
1410	0.04968 0.92634 0.02398
31701	0.36114 0.57094 0.06792
16761	0.73972 0.21749 0.04278
39339	0.01524 0.98220 0.00257
13072	0.87654 0.08959 0.03387
14799	0.95792 0.03014 0.01194
47492	0.13603 0.85222 0.01175
6708	0.80063 0.16317 0.03620
4098	0.22976 0.75446 0.01577
13996	0.33147 0.58746 0.08107
18579	0.21743 0.75081 0.03176
43554	0.05715 0.93353 0.00931
36170	0.02997 0.96593 0.00410
43054	0.31734 0.64733 0.03533
32204	0.04613 0.94188 0.01199
2902	0.37480 0.56927 0.05593
5103	0.73652 0.22017 0.04331
47030	0.98765 0.01061 0.00173
3933	0.11643 0.84686 0.03671
1767	0.87020 0.10950 0.02030
14898	0.69717 0.26001 0.04282
18298	0.18645 0.79115 0.02240
46975	0.01776 0.97930 0.00293
2028	0.50506 0.46256 0.03238
6002	0.81366 0.15103 0.03532
38722	0.86372 0.11000 0.02628
30960	0.77368 0.19202 0.03429
25822	0.01470 0.98160 0.00370
2464	0.80931 0.16499 0.02570
7153	0.83126 0.14701 0.02172
51413	0.47804 0.46742 0.05453
30204	0.64539 0.29247 0.06215
7606	0.09291 0.88063 0.02646
18256	0.30705 0.65930 0.03365
45559	0.61755 0.34071 0.04174
12475	0.67948 0.26831 0.05222
1435	0.25560 0.68670 0.05770
20167	0.80046 0.17652 0.02302
5999	0.12961 0.85473 0.01566
3600	0.75229 0.20377 0.04394
240	0.64502 0.31100 0.04398
16552	0.70383 0.24538 0.05079
12448	0.05795 0.92735 0.01471
890	0.06031 0.92311 0.01658
3074	0.98228 0.01436 0.00336
988	0.49762 0.45664 0.04575
17480	0.84776 0.12166 0.03058
51010	0.80508 0.17301 0.02191
52418	0.50287 0.45254 0.04459
18205	0.84302 0.13103 0.02595
3572	0.96806 0.02233 0.00961
4387	0.43288 0.50956 0.05756
39377	0.13922 0.83472 0.02606
22523	0.19133 0.78075 0.02792
4828	0.12202 0.84494 0.03304
48592	0.76661 0.19459 0.03881
33041	0.94724 0.04523 0.00753
399	0.42756 0.50675 0.06570
6024	0.92799 0.05945 0.01256
4554	0.96789 0.02674 0.00537
6608	0.66854 0.27937 0.05208
38089	0.46260 0.47636 0.06104
738	0.13187 0.83836 0.02977
36539	0.68231 0.27101 0.04668
18845	0.24133 0.72294 0.03573
40926	0.64216 0.31511 0.04273
6607	0.62734 0.32578 0.04689
4637	0.94478 0.04417 0.01106
35654	0.73049 0.23121 0.03830
8871	0.22537 0.72325 0.05138
2368	0.59252 0.35798 0.04950
6362	0.06415 0.92882 0.00703
6302	0.70479 0.26017 0.03504
2893	0.03289 0.95361 0.01350
21027	0.88527 0.08832 0.02641
7107	0.85465 0.12124 0.02411
820	0.71522 0.23770 0.04708
7058	0.75910 0.21537 0.02552
33994	0.35987 0.56892 0.07121
32811	0.25580 0.70869 0.03551
23083	0.91353 0.06589 0.02057
15016	0.76516 0.20039 0.03445
34748	0.04288 0.93889 0.01823
28844	0.28584 0.64919 0.06497
844	0.62518 0.32213 0.05269
36	0.09962 0.86562 0.03476
12559	0.75866 0.21119 0.03016
18730	0.11473 0.85563 0.02964
7209	0.07763 0.90278 0.01959
30330	0.40501 0.54129 0.05370
7598	0.87748 0.09622 0.02630
7147	0.43190 0.51440 0.05369
4666	0.97462 0.02281 0.00257
1119	0.41097 0.52795 0.06108
242	0.92818 0.06122 0.01060
14323	0.78424 0.18564 0.03013
27140	0.05181 0.93872 0.00947
10016	0.03606 0.94794 0.01600
6510	0.77443 0.19025 0.03533
2366	0.95013 0.03442 0.01545
3536	0.90081 0.08295 0.01624
34160	0.35057 0.58910 0.06033
26784	0.84929 0.12611 0.02459
9956	0.08450 0.89782 0.01768
1272	0.99451 0.00478 0.00071
2555	0.91302 0.06454 0.02244
10732	0.14692 0.80676 0.04632
9598	0.01931 0.97453 0.00616
8358	0.74414 0.21836 0.03750
8266	0.19762 0.77363 0.02875
5392	0.90271 0.07643 0.02085
1383	0.91506 0.07132 0.01361
22118	0.19135 0.76703 0.04163
5129	0.76022 0.20763 0.03215
23165	0.46444 0.48649 0.04907
3514	0.84125 0.12895 0.02980
4837	0.95563 0.03275 0.01161
9991	0.05938 0.91212 0.02849
3461	0.90077 0.08125 0.01799
21806	0.55423 0.40076 0.04501
5003	0.67462 0.28565 0.03973
2765	0.43337 0.52376 0.04287
9853	0.13409 0.83228 0.03364
633	0.55688 0.37865 0.06446
232	0.20405 0.75077 0.04518
3054	0.66128 0.29647 0.04225
47695	0.94923 0.04403 0.00674
23409	0.86521 0.11016 0.02463
5071	0.90518 0.07647 0.01834
2962	0.96299 0.02658 0.01043
3815	0.97729 0.01692 0.00579
20376	0.68999 0.26125 0.04875
3669	0.67001 0.29156 0.03843
1249	0.69004 0.26358 0.04639
30785	0.63622 0.31541 0.04837
22023	0.95661 0.03901 0.00439
20639	0.26436 0.68103 0.05461
7013	0.81745 0.14696 0.03559
21481	0.96214 0.03149 0.00637
35	0.97715 0.01967 0.00319
18035	0.48486 0.48771 0.02743
1282	0.02031 0.97694 0.00276
25372	0.34173 0.62060 0.03767
3192	0.87509 0.10259 0.02232
45598	0.57286 0.36024 0.06690
17864	0.19754 0.78550 0.01696
3085	0.88256 0.10014 0.01730
2873	0.39941 0.53957 0.06101
3150	0.01886 0.97648 0.00467
30987	0.55667 0.38297 0.06036
1307	0.26567 0.71743 0.01690
36434	0.02033 0.97526 0.00441
38787	0.89489 0.08945 0.01567
9320	0.44637 0.49699 0.05664
23126	0.76978 0.19059 0.03964
30046	0.88099 0.10324 0.01577
20789	0.62306 0.32562 0.05132
1936	0.90658 0.07039 0.02303
13865	0.41761 0.53466 0.04773
33134	0.81456 0.15024 0.03520
8276	0.26597 0.67159 0.06244
48252	0.94064 0.04700 0.01236
34545	0.98951 0.00953 0.00097
12173	0.11476 0.86385 0.02139
10850	0.91578 0.06910 0.01512
19524	0.92077 0.06873 0.01050
6836	0.35590 0.59952 0.04459
20362	0.96227 0.03121 0.00652
4309	0.78978 0.17874 0.03149
28035	0.69232 0.25921 0.04847
8566	0.06032 0.93087 0.00881
12097	0.49663 0.45174 0.05163
15095	0.97652 0.01927 0.00421
2432	0.61591 0.33519 0.04891
9634	0.06286 0.91374 0.02340
9489	0.38660 0.56969 0.04372
7738	0.93132 0.04959 0.01908
1528	0.47740 0.45509 0.06751
18227	0.08515 0.89035 0.02449
29599	0.79130 0.17821 0.03049
23028	0.30363 0.64656 0.04981
5832	0.06115 0.91849 0.02036
28917	0.49272 0.44297 0.06432
22371	0.40845 0.53271 0.05884
19599	0.94170 0.04790 0.01040
27817	0.81977 0.15283 0.02740
34908	0.02997 0.95752 0.01252
39696	0.43673 0.49924 0.06403
6980	0.85238 0.12932 0.01831
4776	0.95975 0.03384 0.00641
16963	0.72765 0.24349 0.02885
7684	0.96334 0.03087 0.00579
18839	0.79500 0.17704 0.02796
39005	0.08272 0.90198 0.01530
13594	0.93961 0.04313 0.01726
22357	0.71011 0.25135 0.03855
52195	0.90678 0.07317 0.02004
17718	0.89533 0.08798 0.01669
42439	0.94376 0.04354 0.01270
7628	0.95534 0.03815 0.00651
11210	0.03814 0.95226 0.00960
7437	0.91191 0.07287 0.01522
21831	0.20747 0.75262 0.03991
8810	0.02988 0.96571 0.00441
33771	0.44977 0.49932 0.05091
13596	0.36725 0.57664 0.05610
6752	0.90037 0.08438 0.01525
2526	0.87793 0.09367 0.02840
36578	0.71076 0.26250 0.02674
16431	0.92313 0.06407 0.01279
186	0.68691 0.26470 0.04839
8970	0.34507 0.61877 0.03616
9837	0.86304 0.10452 0.03244
14269	0.45521 0.49606 0.04873
12502	0.26750 0.70270 0.02981
1933	0.35386 0.57550 0.07064
28122	0.03332 0.95908 0.00760
33592	0.53684 0.39816 0.06500
33528	0.45433 0.49558 0.05009
20404	0.07426 0.90536 0.02038
9860	0.33944 0.59690 0.06365
3908	0.88045 0.10007 0.01948
4146	0.87245 0.09545 0.03210
5410	0.97920 0.01732 0.00348
4368	0.07619 0.91044 0.01337
10817	0.30995 0.61431 0.07574
10544	0.12315 0.83892 0.03793
31804	0.11106 0.86811 0.02083
5108	0.93162 0.05262 0.01577
201	0.84002 0.13550 0.02448
3742	0.15801 0.82993 0.01207
9455	0.88513 0.09637 0.01850
3556	0.02092 0.96991 0.00917
22331	0.26779 0.64744 0.08476
202	0.75917 0.19139 0.04944
3741	0.60719 0.36792 0.02489
7904	0.69934 0.27507 0.02559
17782	0.61078 0.32821 0.06101
36363	0.97881 0.01653 0.00465
20178	0.71273 0.24356 0.04371
41370	0.99832 0.00143 0.00024
18806	0.93360 0.04787 0.01853
6476	0.01407 0.98152 0.00441
17592	0.51639 0.43273 0.05088
31905	0.76347 0.19800 0.03853
4181	0.43631 0.52219 0.04150
12203	0.82227 0.14373 0.03401
1941	0.84274 0.13160 0.02566
6506	0.51245 0.44090 0.04665
18604	0.74130 0.21032 0.04837
4500	0.12688 0.81536 0.05775
17463	0.49475 0.46116 0.04408
7846	0.10900 0.87982 0.01118
8788	0.70827 0.25205 0.03969
6308	0.12665 0.85122 0.02214
4471	0.86840 0.10278 0.02882
12602	0.58163 0.35886 0.05950
7283	0.97574 0.01817 0.00609
19960	0.49495 0.44454 0.06052
29167	0.97364 0.02320 0.00316
9328	0.50717 0.42624 0.06659
12343	0.71519 0.24716 0.03765
46106	0.86803 0.11237 0.01960
5719	0.90258 0.08189 0.01554
16491	0.91968 0.06360 0.01672
21096	0.11207 0.86912 0.01880
781	0.08365 0.89083 0.02551
6225	0.93335 0.05168 0.01498
31069	0.04677 0.93361 0.01961
16681	0.48589 0.45868 0.05543
5578	0.58117 0.36725 0.05158
8124	0.10082 0.88013 0.01905
4814	0.98349 0.01409 0.00242
20217	0.78853 0.17539 0.03609
3950	0.91119 0.07590 0.01291
2052	0.57187 0.37449 0.05364
11467	0.72235 0.23076 0.04688
10125	0.85968 0.11075 0.02958
13371	0.64010 0.32123 0.03867
12449	0.07444 0.89813 0.02744
5937	0.26733 0.68199 0.05067
9038	0.09482 0.89009 0.01509
2032	0.12750 0.84990 0.02259
8581	0.01244 0.98233 0.00523
25478	0.01910 0.97463 0.00627
40719	0.48234 0.48612 0.03154
20886	0.90518 0.07777 0.01705
38129	0.27320 0.67914 0.04766
11325	0.15648 0.82554 0.01797
17129	0.86738 0.10214 0.03049
4192	0.53511 0.41593 0.04895
1445	0.63904 0.31867 0.04229
16072	0.98508 0.01010 0.00483
31895	0.94442 0.04484 0.01074
15858	0.89515 0.07843 0.02642
10161	0.93930 0.04683 0.01387
3450	0.81217 0.15860 0.02922
28400	0.60179 0.36146 0.03675
3080	0.24387 0.71399 0.04213
8760	0.82149 0.14990 0.02861
2830	0.94682 0.03683 0.01634
17482	0.55034 0.40501 0.04465
2338	0.03404 0.95823 0.00773
5795	0.82633 0.14486 0.02881
29751	0.32671 0.62058 0.05271
10177	0.10307 0.86131 0.03562
20096	0.33300 0.61248 0.05452
197	0.50504 0.43156 0.06340
3542	0.27305 0.65951 0.06744
1711	0.87329 0.11081 0.01590
23696	0.69425 0.26949 0.03626
4112	0.63631 0.32499 0.03870
2897	0.60239 0.36537 0.03224
4694	0.13558 0.83539 0.02904
6281	0.06764 0.90880 0.02356
18800	0.75154 0.21935 0.02911
19455	0.30001 0.63636 0.06363
6569	0.97497 0.02163 0.00340
3441	0.85935 0.11862 0.02203
11633	0.90094 0.08043 0.01863
1695	0.06505 0.91654 0.01842
11726	0.51353 0.42490 0.06157
3643	0.94792 0.03903 0.01305
50977	0.09601 0.88028 0.02371
1566	0.73622 0.23212 0.03166
9140	0.12141 0.86539 0.01320
40460	0.34152 0.64399 0.01449
2808	0.50265 0.44057 0.05678
27985	0.73372 0.22399 0.04229
3028	0.15492 0.81492 0.03015
48663	0.81552 0.15771 0.02677
17305	0.98512 0.01234 0.00254
6079	0.91114 0.07165 0.01722
20873	0.86319 0.11276 0.02405
34849	0.98875 0.00941 0.00183
9942	0.13084 0.83671 0.03244
14848	0.27265 0.69966 0.02769
13274	0.49384 0.46574 0.04042
797	0.10621 0.86365 0.03014
9457	0.10891 0.85741 0.03367
5524	0.61813 0.33216 0.04971
120	0.97064 0.02502 0.00435
16102	0.27878 0.68327 0.03795
6109	0.99125 0.00796 0.00079
25627	0.68114 0.27320 0.04566
6658	0.44649 0.52815 0.02536
10081	0.93909 0.04553 0.01537
13792	0.79615 0.17765 0.02620
15971	0.01637 0.98197 0.00166
963	0.96572 0.02595 0.00833
19556	0.67248 0.28628 0.04124
12223	0.91514 0.07919 0.00567
3314	0.68969 0.26306 0.04726
4425	0.38818 0.54689 0.06493
4848	0.54294 0.39995 0.05711
9604	0.40440 0.56145 0.03415
21998	0.11946 0.84992 0.03062
2378	0.14421 0.83311 0.02268
23426	0.94842 0.04028 0.01130
32794	0.57669 0.39250 0.03080
22139	0.62301 0.33331 0.04368
9190	0.68110 0.27613 0.04276
24599	0.36599 0.60666 0.02735
14531	0.53113 0.42304 0.04582
1747	0.94120 0.04237 0.01643
187	0.02066 0.96899 0.01035
21411	0.98400 0.01366 0.00234
13271	0.67481 0.27358 0.05161
1382	0.86909 0.11087 0.02003
1682	0.93535 0.05210 0.01255
169	0.91771 0.06627 0.01602
23400	0.07086 0.91250 0.01664
40412	0.83453 0.13744 0.02803
46863	0.07265 0.90965 0.01770
2767	0.65030 0.30301 0.04670
24036	0.97033 0.02569 0.00398
1838	0.87256 0.11159 0.01586
7907	0.83480 0.13384 0.03136
1934	0.72369 0.23564 0.04067
4118	0.26637 0.66380 0.06983
4249	0.93561 0.05460 0.00979
4719	0.87855 0.09601 0.02544
23387	0.82806 0.14042 0.03152
3305	0.78865 0.18174 0.02961
9037	0.77972 0.17145 0.04883
18232	0.36827 0.57768 0.05405
6973	0.51135 0.44340 0.04525
18376	0.75238 0.21430 0.03332
6525	0.78721 0.17025 0.04254
4768	0.12707 0.85097 0.02195
48494	0.17039 0.79520 0.03441
40953	0.72976 0.23416 0.03608
9215	0.04239 0.95260 0.00501
1883	0.40920 0.52439 0.06641
11832	0.95457 0.03454 0.01089
9622	0.40045 0.56639 0.03316
10358	0.88023 0.10147 0.01830
5091	0.82522 0.14781 0.02697
34735	0.52870 0.41215 0.05915
148	0.73234 0.22532 0.04234
2357	0.54578 0.40738 0.04684
6014	0.91978 0.06955 0.01067
45767	0.02799 0.96276 0.00925
3180	0.93040 0.05279 0.01681
45585	0.12119 0.85824 0.02057
40192	0.65438 0.29337 0.05224
30542	0.51796 0.41376 0.06827
5015	0.03204 0.95347 0.01450
38308	0.41657 0.54756 0.03587
3656	0.97517 0.01767 0.00717
2549	0.97261 0.01999 0.00740
15189	0.03284 0.95677 0.01039
32878	0.93683 0.05016 0.01301
11303	0.57766 0.37958 0.04275
9874	0.44388 0.51591 0.04021
13	0.88696 0.09594 0.01710
18493	0.93207 0.05479 0.01314
5833	0.66392 0.28208 0.05399
4634	0.66835 0.28039 0.05126
22366	0.83409 0.12929 0.03661
12349	0.01922 0.97786 0.00291
4587	0.77392 0.19587 0.03021
25209	0.16229 0.80157 0.03614
4027	0.81653 0.14072 0.04275
6110	0.89430 0.09077 0.01493
12376	0.85924 0.12030 0.02046
4485	0.16334 0.81267 0.02400
33206	0.32662 0.63020 0.04318
45631	0.98577 0.01227 0.00196
24590	0.37183 0.59826 0.02990
14097	0.80413 0.16594 0.02993
11075	0.06315 0.92480 0.01205
1656	0.54820 0.39563 0.05617
3769	0.43850 0.49543 0.06607
6599	0.36886 0.56741 0.06372
434	0.91468 0.07329 0.01203
1762	0.29181 0.66115 0.04704
11224	0.41793 0.52013 0.06194
31299	0.61738 0.34581 0.03681
22652	0.01467 0.98239 0.00293
359	0.16957 0.79547 0.03496
2796	0.57647 0.37056 0.05297
7438	0.96058 0.03485 0.00457
666	0.40919 0.55602 0.03479
6978	0.38505 0.55372 0.06122
28977	0.89627 0.08719 0.01654
15773	0.46448 0.47923 0.05629
21744	0.75296 0.20797 0.03908
5330	0.91857 0.07068 0.01075
6832	0.23151 0.73501 0.03348
22171	0.95499 0.03937 0.00564
224	0.11729 0.84865 0.03407
21464	0.20832 0.75534 0.03634
12515	0.64730 0.29737 0.05533
10848	0.21696 0.72649 0.05654
4179	0.51308 0.40430 0.08262
29709	0.68440 0.27545 0.04015
5561	0.92355 0.06212 0.01433
19844	0.20905 0.74987 0.04108
16466	0.91076 0.06810 0.02114
4288	0.03446 0.95344 0.01210
5160	0.93250 0.05478 0.01271
8213	0.52021 0.44323 0.03656
2922	0.94563 0.04168 0.01269
20566	0.26575 0.70257 0.03168
8719	0.63007 0.31931 0.05062
34883	0.71673 0.24818 0.03510
14163	0.60354 0.34490 0.05157
24621	0.61581 0.32626 0.05793
4945	0.21683 0.75495 0.02822
45345	0.97578 0.02105 0.00317
20177	0.53458 0.43631 0.02912
35509	0.91949 0.06921 0.01130
3298	0.03491 0.95675 0.00834
7629	0.26093 0.67648 0.06259
9165	0.19996 0.77707 0.02297
46166	0.91681 0.06078 0.02240
5810	0.88127 0.08959 0.02914
7453	0.18487 0.79679 0.01834
16789	0.92764 0.05972 0.01264
47275	0.10141 0.87908 0.01951
25179	0.14170 0.82606 0.03224
31792	0.69015 0.25427 0.05558
576	0.81460 0.16405 0.02135
33819	0.51080 0.42471 0.06450
592	0.67519 0.28576 0.03905
4916	0.87926 0.10158 0.01916
4679	0.93775 0.05509 0.00716
16269	0.94445 0.04676 0.00879
660	0.86680 0.11139 0.02181
1185	0.91074 0.06965 0.01961
5728	0.04766 0.92688 0.02546
12870	0.93101 0.04917 0.01983
1964	0.71083 0.24650 0.04267
24289	0.83310 0.13451 0.03239
12766	0.96208 0.03023 0.00769
4960	0.85602 0.11639 0.02759
51941	0.66089 0.31787 0.02123
21101	0.95357 0.04052 0.00592
949	0.83095 0.14209 0.02696
8868	0.08261 0.90680 0.01059
1814	0.33753 0.58064 0.08183
8487	0.88137 0.09840 0.02023
29904	0.02571 0.96765 0.00664
2144	0.40846 0.55857 0.03298
11100	0.23928 0.71576 0.04496
30879	0.88897 0.09090 0.02013
3268	0.75066 0.21246 0.03688
1193	0.02196 0.96375 0.01429
9665	0.05896 0.93229 0.00875
5329	0.04261 0.95175 0.00564
9006	0.71842 0.24360 0.03798
4705	0.48516 0.46340 0.05144
33306	0.05857 0.93060 0.01083
6473	0.70988 0.24082 0.04931
14156	0.91892 0.06770 0.01338
